2000
20 133
4 85
14 155
4 25
7 180
4 115
13 1
13 199
8 166
16 158
3 64
5 147
1 12
8 73
10 134
10 91
17 131
12 127
5 139
12 64
19 70
13 38
11 50
17 132
7 110
10 110
12 55
13 21
8 92
7 57
7 175
3 26
19 35
17 98
2 45
5 154
14 192
4 112
3 81
20 194
1 155
15 122
10 32
17 101
4 54
15 65
12 65
4 107
18 42
7 27
1 20
16 133
11 22
8 116
14 130
17 60
14 42
3 108
11 105
4 159
16 13
14 30
14 15
10 11
11 180
2 68
10 188
16 114
11 108
15 166
20 58
8 55
12 85
5 162
9 190
6 70
1 79
12 162
9 94
11 102
5 109
17 155
9 122
5 80
6 14
7 146
14 180
17 54
12 185
15 94
3 194
3 55
10 6
19 91
18 41
9 127
13 185
2 155
2 57
8 9
3 72
5 132
10 21
8 63
5 137
19 166
4 97
12 157
4 119
18 60
19 92
3 195
15 132
7 200
18 86
12 130
18 14
1 160
17 120
10 43
4 3
10 181
18 168
8 173
14 86
12 49
13 44
6 110
14 186
4 22
15 124
13 102
16 115
15 155
12 146
6 25
20 154
7 112
20 130
3 155
17 119
18 182
17 164
8 195
2 94
7 17
14 151
8 138
9 69
2 136
9 126
1 195
7 49
12 161
2 12
8 190
3 15
5 1
7 39
9 142
2 22
20 158
15 178
6 144
13 142
5 46
3 141
4 167
20 63
1 168
15 54
19 6
12 116
18 79
7 78
14 35
14 23
9 173
12 13
7 115
17 81
6 101
17 78
5 118
10 22
5 167
10 27
5 70
15 170
7 100
6 73
19 139
4 96
18 85
16 6
6 72
11 61
13 155
10 94
15 76
17 193
2 27
4 62
9 154
8 147
2 151
8 130
13 48
5 125
5 194
9 65
1 126
1 52
9 129
19 141
12 54
9 47
2 153
20 137
7 67
17 117
7 141
18 51
18 99
2 177
7 80
14 1
7 191
12 44
17 157
5 136
19 198
3 99
14 59
19 65
9 165
5 140
5 168
8 193
10 15
11 42
2 162
13 15
5 153
4 76
14 134
2 129
4 187
5 8
7 136
18 78
4 189
12 140
3 77
16 4
13 11
3 7
12 53
11 100
14 84
1 76
17 133
2 140
16 21
2 189
5 111
9 93
13 27
2 163
2 196
16 135
19 61
1 99
5 161
14 114
10 39
6 28
2 142
17 115
5 19
7 61
3 4
8 150
16 183
3 97
1 148
19 43
1 35
16 196
13 156
2 34
8 108
11 162
8 128
7 182
19 50
2 64
10 154
14 173
14 17
2 184
5 71
13 96
20 120
7 72
9 104
15 33
1 29
10 177
1 145
15 88
18 151
5 42
1 143
9 198
19 105
20 152
12 150
19 153
8 112
1 95
2 78
7 66
13 9
3 11
16 149
17 8
13 143
1 8
3 200
15 72
6 152
6 17
5 21
10 38
8 115
7 31
18 38
17 59
15 5
6 75
4 4
15 159
8 53
8 87
7 18
1 131
3 90
16 199
6 6
20 70
3 166
9 121
8 140
11 140
9 85
10 174
19 4
4 156
16 40
6 82
18 155
15 36
15 80
3 3
5 93
12 143
3 1
3 153
15 85
11 51
14 54
5 64
6 177
3 176
2 146
9 16
16 144
9 117
14 123
4 13
4 46
7 33
16 44
2 3
3 5
5 77
10 96
2 48
12 83
1 118
8 118
13 52
19 101
5 74
6 40
6 105
17 153
2 120
19 154
14 122
13 184
13 63
14 128
8 133
1 68
10 108
3 185
9 3
10 184
20 10
15 184
7 45
10 65
15 151
1 153
19 137
12 179
7 165
1 135
2 29
15 153
8 91
13 3
12 149
6 125
10 89
16 163
13 151
5 151
17 3
20 96
3 192
20 182
17 163
10 130
1 92
12 197
18 141
14 171
8 61
14 174
15 154
5 68
8 199
8 162
3 68
11 23
5 191
17 147
9 63
11 163
11 161
17 105
19 162
3 196
4 175
9 41
17 19
19 77
14 142
4 56
16 63
18 95
6 134
12 79
3 152
10 97
9 144
18 62
17 31
20 48
15 111
5 114
9 82
13 173
14 194
3 177
2 100
15 118
1 178
5 145
12 165
11 7
4 144
5 90
18 163
9 164
1 89
9 5
3 127
11 127
7 10
2 63
8 45
4 100
12 40
20 2
3 31
20 13
15 102
14 37
18 20
5 100
6 23
17 61
3 144
8 125
20 184
4 157
18 72
20 139
7 75
13 115
5 141
9 53
18 131
6 168
14 118
13 10
7 157
13 191
13 122
13 47
17 146
20 47
18 105
7 199
8 104
5 121
17 148
13 166
3 119
19 111
7 13
20 141
12 108
8 13
9 185
18 28
13 195
7 58
13 118
17 190
11 111
15 22
14 159
10 102
6 4
15 77
14 53
11 47
7 111
16 77
20 26
1 13
7 166
19 14
16 132
12 35
3 65
4 177
13 104
16 71
20 171
18 25
16 142
6 9
17 136
6 34
10 190
17 166
14 108
13 183
2 5
20 143
19 151
15 190
9 25
18 94
9 92
3 126
20 92
12 62
5 172
20 64
11 94
10 141
20 125
7 73
6 151
12 93
11 98
1 32
6 74
9 51
16 81
7 106
18 171
17 109
14 13
16 66
19 62
15 156
18 175
1 191
18 50
14 166
1 169
6 47
13 62
20 111
11 88
5 103
9 29
16 98
18 200
8 59
15 9
20 192
5 146
6 139
9 54
1 82
16 51
5 10
8 66
5 48
17 94
11 188
4 33
1 87
11 17
6 52
3 129
7 176
1 176
11 81
7 28
17 140
15 125
19 107
9 81
11 35
5 170
14 145
11 110
20 191
2 161
18 49
6 56
2 139
18 58
18 174
15 143
17 37
9 180
16 193
16 5
18 11
9 153
17 67
20 85
11 185
20 138
15 17
18 43
3 37
3 82
6 66
16 52
14 77
20 172
6 93
17 174
4 136
16 154
16 108
3 117
18 53
4 55
4 61
3 160
2 186
15 141
1 101
1 175
18 107
19 10
4 117
10 35
19 140
11 128
19 52
7 139
11 107
18 128
6 88
2 70
7 185
14 33
15 128
13 198
5 87
15 40
19 26
7 14
8 7
11 148
10 70
14 69
15 185
10 74
1 158
20 164
11 124
17 91
2 160
1 187
2 75
19 160
5 55
18 65
16 160
20 180
8 3
2 44
4 30
16 120
14 92
16 157
16 89
2 79
15 23
1 90
20 115
6 165
3 158
12 81
2 93
10 104
3 143
16 153
17 118
3 74
9 17
8 18
4 170
18 136
2 173
4 91
19 144
3 18
20 176
11 149
13 97
11 90
10 64
18 63
17 47
20 142
12 148
8 8
16 67
4 60
16 173
5 84
15 81
13 35
13 89
2 199
17 128
9 50
8 102
4 82
8 143
13 2
10 173
9 145
14 101
5 166
4 130
12 200
9 146
13 111
16 112
9 194
6 116
19 171
5 199
19 130
9 31
3 186
11 6
10 111
13 165
8 98
14 62
1 11
5 195
7 102
20 21
5 198
13 83
7 179
8 177
20 6
7 82
7 152
7 52
8 110
1 190
12 151
1 46
19 32
17 30
12 164
17 185
7 127
16 121
8 54
18 19
20 12
19 114
16 99
1 170
4 19
18 82
19 37
7 174
1 64
11 146
19 57
11 37
12 106
6 119
10 101
11 28
8 178
7 25
13 107
16 200
17 65
2 2
9 27
4 127
12 95
17 55
20 7
3 49
18 5
15 179
16 175
16 179
15 8
6 3
10 51
16 86
11 136
4 169
17 175
17 43
5 178
19 8
17 12
17 14
8 157
3 27
7 132
16 155
18 66
19 118
3 128
20 186
20 33
4 191
12 111
4 109
11 75
19 124
9 186
8 69
12 199
5 171
4 186
1 173
16 69
15 13
6 166
15 146
6 111
4 49
8 123
16 134
8 192
18 10
15 194
19 159
15 16
16 94
2 170
6 174
4 10
17 9
2 90
8 184
13 148
5 75
11 141
2 80
20 116
17 32
12 173
10 150
6 193
10 46
2 55
2 8
13 71
12 137
16 169
15 195
19 187
8 180
20 153
5 17
16 190
6 182
7 155
1 47
1 146
10 66
10 56
19 186
2 105
12 131
18 162
3 197
4 37
13 72
6 188
11 26
12 100
14 96
18 16
19 104
17 110
13 167
6 200
19 194
8 189
12 38
9 14
17 171
10 194
2 69
14 152
9 181
13 65
6 138
12 105
4 125
4 17
7 104
17 42
4 9
19 83
10 182
7 2
1 117
18 4
10 45
1 167
5 14
8 94
11 99
6 90
14 184
14 98
4 74
20 100
19 138
2 92
8 139
16 195
20 150
5 38
2 47
5 24
20 36
5 186
11 150
9 60
8 182
10 142
10 117
12 39
12 47
13 90
14 21
19 80
5 101
11 43
18 56
13 181
14 49
20 197
4 18
6 145
14 67
14 172
7 170
16 12
14 61
15 147
5 157
2 131
7 69
14 60
1 154
19 178
19 108
15 89
10 3
17 107
11 142
5 165
11 106
14 27
2 164
17 29
3 48
20 95
6 78
6 185
17 165
17 143
2 156
2 135
5 180
14 94
10 98
19 44
4 65
14 34
13 137
7 154
3 154
2 150
7 91
5 96
16 43
15 101
10 30
2 110
7 26
19 93
17 57
2 41
2 111
11 54
6 117
10 146
15 19
17 41
9 182
6 170
15 39
17 200
15 189
20 121
13 81
10 147
6 65
4 129
11 93
6 114
6 186
16 139
11 144
3 150
3 125
19 97
5 188
16 32
8 30
13 87
13 32
7 93
3 101
4 126
19 168
19 170
19 103
8 52
19 149
5 176
14 18
12 103
1 31
18 160
20 147
1 80
3 40
11 41
8 21
4 121
12 31
18 153
18 179
7 190
8 70
3 93
14 8
5 53
11 32
8 171
6 113
13 28
1 21
20 65
12 84
10 99
18 145
11 193
2 77
7 168
7 161
16 1
1 106
19 87
2 171
12 113
17 34
4 188
9 36
16 171
9 160
12 195
4 79
13 42
3 9
4 200
4 110
15 82
8 137
11 13
19 15
9 130
11 195
19 82
19 106
3 169
15 107
10 131
11 67
16 103
14 188
11 62
18 9
11 169
8 74
13 41
20 177
3 80
18 111
17 44
2 54
20 162
3 46
7 74
1 116
2 51
20 123
7 130
20 69
13 45
11 53
12 180
15 172
19 148
2 159
18 81
13 58
18 87
12 4
7 125
7 193
19 78
7 98
6 32
12 196
18 119
10 121
9 189
1 120
13 30
6 161
9 166
13 138
1 18
7 35
4 81
16 148
12 12
13 4
19 112
8 32
10 168
15 148
14 115
14 79
1 63
18 177
18 161
4 182
2 102
12 178
4 66
4 134
15 121
6 57
19 146
12 171
14 168
5 11
19 42
17 152
7 148
19 64
7 1
13 192
11 2
2 49
15 27
17 50
15 57
19 145
4 20
19 69
19 25
12 3
6 155
20 189
9 42
9 86
18 93
9 8
15 97
4 80
7 83
13 67
14 136
19 71
13 179
5 50
16 80
4 59
7 145
5 47
12 183
11 19
3 19
5 150
14 19
2 128
20 18
18 173
11 171
6 27
7 189
7 65
6 87
9 20
3 113
9 10
15 2
9 28
6 62
16 198
20 107
10 137
20 124
15 126
1 183
15 114
7 142
18 143
9 43
4 84
14 141
17 84
2 124
13 161
8 159
2 148
15 50
7 81
19 28
8 26
18 134
20 88
19 134
16 129
13 174
20 170
18 183
6 106
17 36
13 178
8 23
3 52
10 155
8 93
16 34
3 79
9 88
6 10
20 136
13 74
19 193
6 45
12 153
7 60
15 157
7 114
4 5
19 86
8 129
17 186
1 40
9 125
3 107
1 197
5 148
18 2
13 51
4 75
19 85
9 64
20 28
6 163
11 46
19 88
5 158
15 139
1 77
19 188
14 24
3 134
13 16
11 132
13 193
10 164
5 23
2 46
9 15
15 152
19 157
19 33
18 96
17 138
17 74
12 36
3 14
3 32
19 173
15 99
12 42
11 16
18 84
12 30
16 141
6 50
12 8
14 133
10 132
18 39
16 65
7 90
6 153
9 149
14 185
9 161
16 42
15 191
4 45
9 21
15 59
10 183
3 110
1 159
8 90
18 142
11 182
17 75
5 124
2 65
17 167
14 68
9 49
11 170
16 123
7 159
13 61
18 113
20 195
18 140
17 45
12 144
13 5
4 164
19 161
7 40
11 71
4 86
3 91
19 128
2 192
20 72
15 174
10 55
18 80
5 39
8 5
16 113
20 196
12 102
12 136
8 132
20 43
8 17
15 105
20 60
9 70
16 174
7 160
9 96
6 121
20 163
20 145
2 91
7 151
5 177
15 90
12 176
2 157
6 196
2 38
20 4
14 150
17 28
6 169
9 105
3 159
14 41
4 68
4 78
7 85
14 47
19 84
6 129
19 158
1 51
19 121
3 140
5 51
5 30
1 144
7 181
2 137
9 102
19 47
2 25
9 169
13 12
6 127
3 2
18 48
19 120
3 84
3 16
4 143
5 135
3 23
17 99
20 160
10 33
18 127
1 1
11 103
1 2
7 117
14 131
13 31
5 113
10 119
9 45
5 29
19 40
5 82
9 23
4 166
18 69
20 54
11 58
16 118
2 18
6 38
12 158
6 18
4 161
17 82
7 46
8 38
3 34
1 142
13 23
12 26
6 13
10 10
12 61
11 125
15 175
11 198
2 154
14 80
9 133
18 126
1 3
16 56
10 31
8 20
5 187
6 58
3 193
6 64
3 95
5 35
5 79
19 147
2 26
14 154
2 17
3 47
20 185
1 114
14 48
14 32
1 19
15 53
1 127
7 9
19 150
8 50
5 69
5 182
9 76
18 27
16 145
11 65
16 88
6 2
15 173
17 182
8 25
4 179
8 106
3 10
19 2
10 79
13 147
18 116
14 51
15 41
7 137
3 112
16 46
5 60
17 53
16 168
3 142
19 135
17 187
18 157
6 97
20 79
8 163
3 198
11 196
2 118
14 138
1 49
3 21
13 78
16 106
11 179
20 179
18 98
14 76
13 157
7 30
7 188
4 7
16 100
16 93
7 19
1 185
13 125
9 200
14 124
17 49
6 135
13 105
18 114
8 41
11 59
15 127
5 192
18 33
8 101
11 36
10 25
14 139
8 72
5 67
13 29
3 174
18 89
6 63
17 21
7 103
6 29
11 157
1 149
15 35
12 166
8 200
8 42
6 76
11 189
15 55
1 108
6 136
14 156
10 82
6 35
16 182
18 23
17 135
14 78
19 132
1 128
10 69
12 182
9 67
15 78
1 85
8 183
3 178
11 45
6 150
3 132
18 40
15 68
19 79
9 171
17 33
7 99
16 105
18 29
14 29
18 17
16 110
10 76
18 195
11 192
18 76
2 144
3 157
6 173
17 100
10 191
3 181
3 118
15 79
8 121
15 182
4 193
2 13
14 164
2 96
15 30
7 186
16 188
12 163
19 117
18 123
15 165
12 172
15 31
8 71
6 43
19 156
15 186
17 158
3 168
9 6
17 63
17 184
13 136
18 184
10 128
14 83
19 164
3 70
20 45
2 88
5 28
9 100
11 89
3 148
14 64
11 112
15 74
17 139
6 26
12 184
20 117
5 3
13 189
8 141
17 114
14 146
4 118
20 44
14 10
12 123
15 109
6 122
8 22
1 43
11 24
12 159
1 67
19 23
6 148
9 101
1 179
13 46
1 28
17 149
2 168
20 38
4 105
12 104
16 92
12 22
17 96
1 107
5 184
9 167
8 67
12 119
18 146
8 88
10 162
16 35
16 136
14 45
10 60
8 48
18 57
19 181
6 92
6 21
12 67
15 63
4 99
4 184
2 194
20 200
6 190
13 36
18 198
14 87
17 4
2 130
3 188
2 117
4 39
17 97
18 77
7 131
17 161
16 102
17 1
19 127
20 135
4 194
17 35
8 24
14 71
2 19
8 100
8 51
12 23
4 35
8 60
14 90
2 174
4 116
1 130
5 18
4 2
4 28
15 69
5 41
12 2
1 147
12 50
11 38
12 132
6 130
10 112
17 160
20 168
7 51
7 194
15 20
6 61
2 101
18 189
7 163
18 7
6 137
15 168
13 93
2 59
6 140
9 83
11 160
10 157
2 147
8 148
20 190
3 39
15 123
13 153
4 95
9 80
4 160
14 12
10 57
16 191
12 194
8 142
11 194
20 127
14 197
15 83
5 45
17 122
19 7
13 77
15 44
15 136
19 13
10 17
15 137
11 27
18 61
15 42
14 106
12 112
8 109
5 127
11 85
15 145
16 165
14 6
2 99
14 65
17 112
4 178
11 34
18 75
10 19
2 121
15 176
18 67
14 191
6 143
18 30
20 66
20 159
18 197
4 16
15 49
1 7
16 128
3 28
9 109
9 78
16 111
14 132
14 4
13 134
15 104
17 64
14 55
15 11
13 188
18 102
13 128
5 112
20 119
16 101
11 95
20 23
7 56
16 33
16 152
4 195
20 91
3 63
13 117
14 158
15 47
16 127
10 34
16 122
5 61
1 164
20 39
14 198
19 185
6 46
18 47
2 9
3 124
5 144
5 129
2 187
17 194
20 104
8 10
7 4
7 16
11 190
20 166
2 15
14 56
6 187
2 21
13 34
13 168
5 160
2 43
10 2
2 166
7 79
7 36
15 15
8 89
19 126
16 79
4 8
6 194
2 175
15 106
14 97
8 174
3 167
17 192
9 175
3 13
12 186
10 140
7 116
13 79
20 157
9 156
13 146
12 188
19 21
7 29
9 150
19 24
16 109
6 22
6 11
16 96
8 14
12 99
11 156
10 156
14 148
4 147
6 8
